structure(c(5.08644283525113, 4.92087132988789, 4.20465697476994, 
4.86778197153052, 3.54499065387672, 5.67715895552268, 5.16443319614374, 
4.74697709071435, 4.55340769158214, 5.08181715671274, 5.47281168426416, 
4.692070369856, 4.58635727868936, 5.82013167337385, 4.92848086488338, 
5.45617706132902, 5.9649107191667, 5.09858741566386, 5.16062219799659, 
4.8074605229833, 4.24833668555856, 5.1694673781038, 4.19826228335421, 
4.93150386522754, 5.40191049401896, 4.50150011126723, 4.29729169540749, 
4.26087409502798, 5.31161412147259, 5.56667207259043, 5.08643176825037, 
4.78735334831743, 6.48886500448226, 4.80230178108896, 5.43356829786988, 
5.48334323284446, 5.24981831253111, 5.61350569888774, 4.96001289233807, 
6.40420214794187, 4.48767896453074, 4.11785494680529, 5.14208698014926, 
5.08482525257082, 4.21441804270223, 4.50980936093784, 6.19363068876906, 
4.64035005888541, 5.7135181909459, 4.68789253715627, 4.955832710233, 
5.04650600242988, 5.24856753953931, 5.32950214159502, 4.88539343725509, 
4.98440677650269, 4.30264905942637, 5.17242691928769, 6.18024632509351, 
6.331706654029, 4.84470295005166, 4.98109176857972, 5.96104500933528, 
4.36905859440394, 5.83725794690097, 4.73072090242102, 4.68640626881375, 
5.52046766837784, 5.50366125801009, 5.10563288689121, 5.61146704844697, 
5.0500108759201, 5.74045275072628, 4.69494730425671, 5.15032949006866, 
5.29560289998982, 4.44654520307497, 4.7955998493308, 4.91800364092926, 
5.77799253612689, 4.20764285433812, 4.67064856537337, 4.20545761478575, 
5.44239810153021, 4.81493129251545, 5.51239335415083, 4.74399993895651, 
5.52328802405867, 5.56219374072286, 5.55394035356698, 5.55305544125667, 
6.03883469090226, 5.28635432547084, 6.07445528040483, 4.0885252861927, 
5.29533974704523, 5.33626295643987, 4.77960494774518, 4.63163784687765, 
4.95237335273981, 5.40483440444542, 4.88956420238779, 4.37439471666356, 
5.1588209517597, 5.59034139724526, 5.01106012740338, 4.76705411467698, 
4.65476077550418, 5.02887295842232, 5.21110933437796, 5.34789451831881, 
4.37137378596023, 5.0882211812944, 5.43807691859943, 4.09939729074309, 
3.48461614890865, 5.80424318129939, 5.61005347308545, 4.43023738113291, 
5.02329012541257, 4.99312408089823, 5.03210830242021, 5.63862241802179, 
4.02447921855023, 4.98909744079392, 4.13406327199644, 4.79607517643317, 
3.80933394809251, 5.50213494878296, 4.93174333128648, 4.9104716884799, 
5.10993177858045, 5.17247200433297, 4.90424758567408, 5.66123189390023, 
5.33398874805596, 5.9002688999181, 5.01708300790221, 5.18104094135606, 
4.85731077927351, 6.4524833791733, 4.65188263987059, 5.18234264125789, 
5.28714797023037, 6.36530614979099, 4.5352093196714, 5.96855794045894, 
4.47192697906305, 4.33522984213788, 5.20623371905221, 6.66303526009145, 
4.64770033782164, 5.41593018167553, 5.32952618070724, 4.00900615771184, 
5.53053664766165, 5.96057958669691, 5.17974854093483, 4.74312390907089, 
5.04888156840018, 5.17621781199542, 4.43256234842354, 5.57733309166112, 
5.98124216564147, 4.57763508029967, 5.35644167016879, 5.87095458033729, 
4.2214837822575, 4.35590927631846, 5.0516870357296, 4.96273991166474, 
5.29509437951748, 4.94309884154857, 5.07783951091054, 5.09168325261833, 
6.08729617494419, 5.33910217313911, 5.64587197744201, 4.70465567780749, 
4.86227135771475, 5.79041162601962, 4.83109611125613, 5.07389004923337, 
4.69399221154995, 4.96250457877248, 5.33341045882367, 4.18524562324539, 
6.65264333702577, 5.17442707924266, 5.00152452321693, 5.75165740595674, 
4.31790451933371, 4.50425960477805, 5.76834993763796, 5.10124988243364, 
5.03327422184002, 5.70415942724952, 5.59293496770352, 5.87987131430225, 
4.82537845065561, 4.65153020655739, 5.36181177925925, 4.86477182521185, 
4.5938043345859, 5.57237055688657, 5.41504571030383, 5.18678866313745, 
5.93366909957003, 5.48580866917034, 3.93633319903264, 5.55573511344008, 
5.25511319505908, 5.91198983054037, 5.53450131480171, 6.3616437875878, 
5.17881683613936, 5.6128659304389, 6.03817763460241, 4.81043848732293, 
4.17452423182641, 4.63129119220049, 4.66165266243896, 4.21666639348637, 
5.61782703613077, 5.96097516530306, 4.07962337589821, 4.80923622262756, 
4.6227594958649, 4.84237978354813, 4.05930111224541, 5.58763713686271, 
4.65263017543195, 4.58875686846245, 4.46805768662928, 5.12766929002393, 
5.89805947055229, 4.58808886655028, 4.88300161789615, 5.9097998507534, 
5.28222809611378, 6.26547645553268, 6.16678295444047, 4.59725167178451, 
5.01753208814325, 5.51800393946691, 4.93961277374077, 5.69251036424138, 
4.98831887098983, 4.94346768856617, 5.61302397271473, 5.73164090569098, 
4.35686776840808, 5.16661579927838, 4.36833026281774, 4.26283454269016, 
5.07145225667125, 5.46262551943271, 4.21884643892007, 4.79629844477216, 
4.69054934958673, 5.11791871598093, 6.04523696571896, 4.80403417544411, 
3.92103277462096, 4.95483094743253, 6.60014712012728, 4.99595776550631, 
4.64565369982862, 4.30931726005035, 5.49867657833265, 5.86916113481584, 
6.16236583418273, 4.80255452500104, 5.59871165663097, 4.17447978371041, 
5.1240764978745, 4.15196016318818, 4.26757653780239, 6.42677196276773, 
4.89364883233757, 4.17621467380928, 4.70177439684221, 5.74139266756303, 
6.0029015283536, 5.52693150508609, 4.9689543712264, 4.91399435126217, 
4.15572821796318, 4.75434812907058, 4.3222611031757, 5.42171711168301, 
5.4797623083395, 5.04080117111002, 5.68928257856809, 5.5659727242272, 
3.81675615901149, 4.56941068734513, 5.4099625096698, 4.39092113629517, 
5.22911090287731, 5.00365791352537, 4.6788037410885, 5.78912969867976, 
4.24173195273428, 4.87046062795747, 4.14549462852626, 5.62262661822277, 
6.51543382686044, 4.77450106816342, 4.95044240266445, 4.62774182351701, 
6.11034568691699, 5.6077803651878, 5.39986065240683, 5.48948244946562, 
5.0811312564641, 4.80096594392695, 4.87464569924713, 5.01515457248926, 
4.94261787875443, 5.73499010972983, 5.8440577534231, 5.07439042311372, 
5.66997634653089, 5.12541163202893, 4.38850129628198, 4.81309856680404, 
4.28229200281566, 5.02016717767965, 5.39604526311827, 4.68902442019951, 
4.60701543387218, 5.74946019638623, 4.29446376889457, 4.79525395363704, 
5.48723758003578, 5.40015519033021, 4.44987350960582, 5.03216741372445, 
6.00911367119341, 5.95166074758371, 5.07173408125066, 4.87173353728653, 
5.27740300302957, 5.3488657657952, 5.0562474189808, 4.19208937847574, 
6.07873660013062, 5.65590441217987, 4.62944828971921, 5.43313164825605, 
4.76392834679581, 5.02706980982452, 4.85199749203899, 5.2853608225825, 
5.17275813374504, 4.86881463529076, 4.89690014098233, 4.45684648902377, 
4.98235294419936, 5.11480813677355, 5.48942628618295, 5.13399585300645, 
4.37919712565536, 5.04165416197187, 6.20815174232999, 4.35562189715683, 
5.53193796958406, 4.08008336468107, 5.14857149281944, 5.65245534717694, 
5.47100472761415, 6.50573054150491, 5.18819448694153, 5.49983264793912, 
4.9724184005306, 4.49791064294717, 5.46760524462869, 5.16987894601736, 
4.9117409387747, 4.30100083073799, 5.45182129429757, 5.63280285151137, 
4.73973539307837, 4.31152124605011, 4.74273818071521, 4.9463794099424, 
4.83701498678529, 4.78535001794495, 4.01025626815703, 5.14316643905657, 
5.17708142825014, 5.88599106125435, 4.85423247599646, 6.17270888327304, 
4.87636783167445, 4.99469173741199, 5.68570299821311, 4.55949516128037, 
4.10787560413197, 5.97545520746449, 5.53692287401857, 6.01552410011225, 
4.56318022836519, 4.39046503729441, 4.43569747508607, 5.11390539591169, 
5.2930629047122, 4.7946412488762, 5.15862701916621, 4.00803845166472, 
5.39664289284979, 5.11310742835738, 5.33375952655799, 4.70341907781056, 
4.34383777972573, 5.6945720473255, 6.02312381630017, 5.68627364439556, 
5.65535639235738, 4.68892977063175, 4.72435687293418, 5.4102632033677, 
4.27739475408179, 5.24119391105168, 5.36192457654596, 5.31422740328396, 
5.1898049384828, 5.33481755427516, 5.16479331929703, 4.36681726672128, 
3.70097936019545, 4.4251194797446, 5.23636757435627, 5.13247126816949, 
5.05128192735676, 4.5227585809451, 4.38608134547247, 3.81664889622603, 
