structure(list(lvcf = c(0.210449064642534, 0.259665106452199, 
0.58686360257565, -0.0230099065866645, 1.24240426597859, 0.199639837438252, 
0.528350927548709, 0.509505636584346, 0.723182885032054, 0.0438209679208327, 
0.146504771143019, 0.506534430599513, 0.651463381946924, -0.264157008830526, 
0.34155693745459, -0.133196844862795, 0.552575672409078, -0.161689639954561, 
0.465736596062265, 0.735945276613905, 0.984266953956888, 0.409876677232808, 
1.02252122264924, 0.00336790873137065, 0.00494830718873237, 0.828174467883052, 
0.913906886873645, 0.340490049548736, 0.117802380308485, -0.24883879803485, 
0.745004485519347, 0.960196675842445, 0.214981242628619, 1.09335607575603, 
0.968473291468562, 0.0681038845949574, 0.318138279912936, 0.146936248717125, 
0.409090542162763, -0.85454460624622, 1.11911735160452, 1.39412758707792, 
-0.175463020754626, 0.380646051889041, 1.16504457586627, 0.25162580690867, 
-0.170425230820751, 0.511304166761305, 0.402734249537969, 0.154388966095365, 
-0.0906734600035421, 0.0350709405524174, -0.522274405665197, 
-0.0460369004972111, 0.0572051255697466, -0.0820476474699292, 
1.30762303815952, -0.518950897039737, 0.555224422577307, 0.0662345875090953, 
-0.105342890883373, -0.0403123931706519, 0.0743043357265111, 
0.470148959310191, -0.166947647841748, 1.00569517527578, 0.593217075593104, 
0.0590067598810176, 0.0523816332813582, 1.00723915185585, 0.512128769117462, 
0.841486989125547, -0.632660077925506, 0.539815315261391, 0.197454638000576, 
-0.146838817413749, 1.03105857977025, 0.366645835600854, 1.58676676935885, 
0.682704981865754, 0.779073007134289, 0.714471302727057, 0.77316103791251, 
0.2938735434591, 0.737299631458389, -0.363518517971062, 0.589903831785441, 
0.139139233248268, 0.141650106410238, 0.0422660446421793, -0.305085709763958, 
0.756264293492967, 0.788563310775726, 0.18083779410364, 1.11454339435425, 
-0.109783256949706, 0.462248987167946, 0.692969465504705, 1.08467052412377, 
0.343843702023962, 0.178669043031802, -0.692827928505942, 0.811687768167162, 
0.474472235008288, 0.430567328166664, -0.224259018969793, 1.01513545950068, 
0.248582910923253, 0.442161555530866, 0.017122444905259, 0.0128207313710699, 
0.849982346142571, 0.476327066758957, -0.699295885317587, 1.00360856038699, 
1.36454169122587, -0.85724900603838, -0.706995704236506, 0.842272753444381, 
0.231107103554846, 0.688234653528939, 0.71329388617674, 0.495668323334802, 
0.116542761168197, 0.359119746184238, 0.689244661569685, 1.24915896190367, 
0.418201456852202, 0.878277692611948, 1.01651190836644, 0.606698915254352, 
0.0917949016478526, -0.218795508480953, 0.396369313669109, 0.781083159079688, 
0.279865731661307, -0.351286953072801, 1.25208290746274, 1.15836673005285, 
0.158851616869658, 0.0165511004884954, -0.514203988008334, -0.0852579565624117, 
0.605507582220765, -0.229265997450994, 1.30999398628819, 0.182586094265886, 
0.909525186024642, 0.543287276554798, 0.603219036806039, -0.459045715676437, 
0.253392679430116, 0.407153661473523, 0.80634851947649, 0.93354687868351, 
0.695924122615304, 0.703979265693762, 0.53681281462881, 0.471899159882876, 
1.12051286724267, -0.260445391614178, 0.955681372121268, 0.144594586156566, 
-0.41725911223359, 0.20423196149049, -0.125410820983199, 0.663724112400312, 
0.576199490303447, 0.54715410237442, 0.0357141463499671, 0.979124945741366, 
1.39153380357879, 0.137259206411162, 0.752747812393146, 0.3307319270274, 
-0.155916963340112, -0.101040942807469, 0.72966628107394, 0.164858880373377, 
1.25780692700501, 0.685586376982516, 1.045229361676, 0.185529065977731, 
-0.175506821568306, -0.0416829177485996, 0.109586954166396, 0.988600245052172, 
0.0745825533533577, -0.0781421853823045, -0.0526472210462754, 
-0.779069804219399, 0.617160495292375, 0.187051531918034, 0.263101682647491, 
0.599306232578843, 0.630910177894719, 0.883650963418673, 0.216329823962817, 
0.447891437172249, 0.519003000576699, 0.770422069759368, 0.643319929762409, 
0.841769669019396, 1.15823759828313, 0.192634572054964, 0.998353985511555, 
0.356601185320633, 0.373492138240294, -0.221455147595419, 1.06898750058314, 
1.35830488291951, -0.255543535641857, 0.387024883731662, 0.277939900262064, 
-0.346648283776692, 0.582740212697092, 0.387018818616463, -0.114454565461945, 
0.352924408449744, 1.13030316332276, 0.52823124606723, 0.748246175215998, 
0.601591644384588, 1.27599440801591, 0.198136608691691, 1.26049015233965, 
0.320047435716156, 1.09373627395177, 0.441194958272909, 0.612429291730836, 
0.687902797750373, 0.948433354909579, 0.859201343908631, 0.990645232085772, 
0.60342602431001, 0.40946094017233, 0.765133129064362, -0.156458338172379, 
0.262498182627194, -0.685411025710543, 0.241003305268571, 0.209456901893924, 
0.98450587944712, 0.148603915871198, -0.173740904511873, 0.72142682841993, 
0.270861103669194, -0.0284999027383821, 0.153314136754235, 0.37913408185752, 
-0.196183216475175, 0.675015561612941, -0.427256015548438, 0.995949866412552, 
1.07255521943609, 0.941244559201462, 0.517819335826998, 0.407078725734307, 
0.976443923013236, 0.503004160535916, 0.252169695072845, -0.629790035080103, 
0.178863085244132, 1.62943172570359, 0.314595203770538, 0.254851080225096, 
0.0822563577042363, 0.460883878461657, 0.782412141393159, -0.0769305400253727, 
0.509929028607275, -0.14031499396713, 0.689183624498011, 0.938813840966972, 
0.887248430280002, 0.698227765438069, 1.01334369513562, 0.771599411779735, 
-0.309433444160587, 0.594624660124937, 0.324894055604953, 0.905812722490614, 
1.03065862232988, -0.206383557673514, -0.0331606078076936, 1.23953030014522, 
0.334964681944395, 1.00126186961446, 1.12257450474181, 1.06464141335823, 
0.784036693976595, 1.0552392157492, 0.432783687851591, 0.17308570104176, 
0.11923826407108, 1.02777314454832, 0.0743446001200192, 0.409154369635483, 
1.18971492128729, 0.124895261179845, -0.0765792823069167, 0.972628715119949, 
0.489297789317491, 0.315217815022666, 0.692971660894303, 0.617490727158777, 
0.129567912167512, -0.156168219085338, 0.206164800134796, 0.717000816894238, 
1.04271121019446, 0.19249920985336, 0.136357654510137, 0.0909571389974729, 
1.41404198820674, 0.15680861342196, 0.684106115506623, 1.07668056399114, 
0.522875831387253, 0.723760207098058, 0.218933711630902, 0.164948522124222, 
0.255021113514984, 0.0414467604895562, 0.488587310659003, 0.500355546359528, 
0.548329674494886, 1.08339016913107, -0.00485146443693315, 0.0184810196853962, 
0.388769812848326, 1.53376309184163, -0.333181735791726, 0.78319972504992, 
0.511125240122522, 0.110187266542633, 0.352671094001259, 0.700475007027335, 
0.300028711847956, 0.0116275269647909, -0.244654972564215, 0.208213766222905, 
0.7720417624642, 0.465758257671252, 0.463937930294501, -0.352707718607665, 
0.356609782390631, -0.230159052524492, -0.0789187926729742, 0.301568599115974, 
0.313388701859755, 0.350092863119565, 0.393885977417178, -0.0556729284007893, 
0.256385485307119, -0.0918057813487021, 0.472933751716244, 0.865149769219722, 
0.883685985412233, 0.29785669495454, 0.71263503647445, 0.373663253046068, 
0.362842168446207, 0.656218888421781, 0.300166119786486, 0.115826231570282, 
0.871768727622126, 1.06923666292758, 0.46639060203511, -0.129383497793438, 
-0.237307808030148, 0.398916536237709, -0.0113888546764257, 0.161337794101736, 
1.0270815185603, 0.0588583568510616, 0.602453443862645, 0.0322973009376995, 
0.873632131926174, 1.03097840301438, 0.598309089693821, -0.223542331005158, 
-0.0502719032036169, 0.392441321674091, 0.935643385627026, 0.676037268704968, 
0.429201360850452, 0.489201843758201, 0.27200368722742, 0.796381483862744, 
0.0477193428233969, 0.459541772181987, 0.478068785222527, 0.84786572144835, 
0.582900717967961, -0.517020656064958, 0.748943599290333, 0.147624518015117, 
0.176233632975293, 0.760680053203516, -0.122557897448493, 0.21999079353583, 
0.485360658666691, -0.0279073333095879, 1.51203655850076, 1.63798413407111, 
-0.222249407544702, 0.173675245770601, 0.323310559977084, 0.497393967333351, 
