structure(c(6.28134916955628, 6.10635657251114, 4.99598164908421, 
5.80097703143972, 5.59391538057082, 4.6676491589743, 4.97529334258942, 
5.8414073108268, 4.81075411773965, 4.42984428891349, 6.44762514675121, 
5.15431365187521, 5.01224332797361, 4.59574451014343, 5.29136334600869, 
5.09807764827407, 4.80958057049057, 5.26031714151191, 5.99401869966358, 
5.5236641614193, 3.89446592047174, 5.24151186963706, 4.99797877658532, 
5.30871219378947, 4.15858473726576, 4.5756164957894, 5.30529187354534, 
4.8535690353523, 4.36737789311914, 4.39615582154326, 4.79272800148871, 
5.31039560767683, 5.08178281316532, 5.37272740978607, NA, 5.53228609121592, 
3.76637353012532, 4.00067306196693, 4.24963887468349, 6.04095922405615, 
6.47063146273179, 5.55524602883832, 4.23993813780864, 6.15450372640165, 
4.53617275137269, 5.45578970595769, 4.65678090665085, 6.16964064240387, 
4.53039447471047, 4.97399665938088, NA, 4.70725850113282, 5.2745783511826, 
5.42923104574698, 5.57204452146293, 5.42432641425641, 5.68083274023486, 
5.38854761987395, 4.42944319743331, 6.48711075366484, 5.18643853475634, 
5.81863721697726, 5.94715907242913, 6.07614271076326, 5.59274724056089, 
4.80933225010047, 4.2412518863358, 3.60255495000144, 6.34496233779144, 
4.72253263404107, 4.45388962604041, 4.51375534401709, 5.42589256390059, 
6.01594090444747, NA, 5.99438254037959, 5.70353441271928, 4.89404272000145, 
5.84017997258274, 6.18628577999128, 5.09900410632457, 5.2131721603337, 
5.75472206669272, 4.65740610332182, 5.059698694855, 4.78251282999798, 
4.99781708742727, 5.05739944104795, 5.10961265027446, 5.55285981503222, 
5.67070664440939, 5.87858637732746, 5.48802324402821, 6.11349849942195, 
4.76117781112831, 5.20477147209493, 4.58457225910738, 5.11907140784689, 
5.29352766330182, 5.11004015046417, 5.05310559693949, 5.19620061229105, 
5.49666921960954, 5.25185023496915, 5.72238399152486, 4.80378295713515, 
5.19659875983826, 5.58949690196657, 5.43678882231033, NA, NA, 
4.41785298321927, 5.40563528089155, 4.67607332711428, 5.96381191307896, 
5.2747031210364, 5.77780139287901, 4.41173045781464, 5.05880007759046, 
4.92212778159614, 4.64163815063958, 4.19611066798533, 4.8644961501045, 
5.09805640539083, 5.30889910031761, 5.07516626980528, 4.6781327265464, 
5.10529982931704, 6.11981111239456, 5.21314726184477, 4.38948211928469, 
5.93808799138241, 5.09375662167034, 4.95926450793973, 4.1760670587071, 
4.92001313787157, 4.90650044090729, 4.58997648778989, 4.94404344362861, 
5.37445352798321, 5.86156749799052, 4.41900631926649, 4.51378056735681, 
4.73010294856815, 4.73626640830953, 5.63238573275172, 4.10190693272347, 
5.47678990763007, 3.77540153762123, 5.15507096886548, 5.27104289816758, 
5.21339075834456, 5.46077235576188, 6.12222167353983, 5.76292454678712, 
5.5196235282074, 4.60147125844571, 4.66770578360638, 4.66424934887968, 
5.45797810253848, 5.98503736635392, 5.3028515623913, 4.58322500034589, 
5.84514135419448, 5.33041417306271, 4.36504762444488, 5.3262148274372, 
4.40364185424244, 5.0826169014991, 5.16994761158676, 4.43043798280491, 
5.69507732336265, 4.14518209204723, 4.65893759115519, 4.72436338960862, 
4.2564646955369, 5.18379144048927, 5.02007943482434, 4.48717211561289, 
5.07952146902866, 5.53724920083078, 5.22687553665224, 5.11585356211815, 
4.82380408396668, 5.07351273461388, 5.2644942949742, 4.77929640642591, 
6.47130961703108, 3.71835173151866, 4.30648158771597, 5.36435685295797, 
4.85442088282585, 5.67774295228114, 5.46911085459256, 3.48277650953939, 
5.2002449603237, 3.85066724610357, 4.81576068142794, 5.85066188111608, 
5.18215107905725, 4.13056809083238, 5.16852903840521, 5.00928763199505, 
6.00011097420546, 4.98937849249301, 4.80455916534251, 4.79576036790315, 
5.19919356947636, 5.1511835563466, 4.68729591715602, 4.55803873653149, 
5.44303372831689, 5.32254972991381, 5.66267640709891, 5.2080711522297, 
5.38044279482464, 4.5718484988942, 4.29374258945743, 5.47792981949441, 
5.61462774048731, 6.21667805176957, 5.83845701629808, 5.42479531145111, 
4.99371433028378, 5.40753026729953, 5.30532736414504, 4.59002286694077, 
6.10722300562014, 5.01842479865627, 5.52881731141503, 4.49536887352188, 
5.69057710860773, 5.8653722197245, 4.44177693680905, 4.61889902176096, 
5.18613208734615, 4.92391924089366, 5.60511932716251, 5.3809388160753, 
4.99201530163154, 5.13628393725038, 5.19173996811939, 4.82420969281913, 
5.20244628559465, 4.52086979185273, 5.04567420295086, 4.88721692029515, 
NA, NA, 4.82428775011788, 5.24811601136744, 6.18891678656251, 
4.33350398070795, 5.93971977537809, 4.35331459416442, 4.42813913437227, 
5.53027568701997, 5.26100256901945, 4.85254216130335, 5.67549573098841, 
4.53780662623214, 4.00224004966668, 4.58475743583339, 4.84908732389396, 
5.61744243946367, 5.87002420981369, 4.27465051705603, 5.18893904538562, 
NA, NA, 4.12319829676521, 6.37015253097228, 6.20596487287037, 
4.27906241170632, 4.5958850695731, 5.50618176561775, 5.03946648337883, 
6.26904451049865, 5.75343809360058, 5.82905759740012, 5.78387226340736, 
5.45422370558818, 4.91539355799941, 5.45648939190156, 5.55724291423067, 
5.23962276013019, 6.65036113379574, 5.92057072601916, 4.35264862286052, 
6.1484760377526, 5.02464802780338, 6.17480277046814, 5.05287884384432, 
5.21460581401038, 4.3659141265387, 4.44438760147259, 5.17392773921108, 
5.60216713291796, 5.27620810808379, 5.55436461885148, 4.96650310507785, 
4.95762116229901, 5.16560771018943, 5.59390765686946, 5.25037321769836, 
6.13544601337526, 6.09744251958487, 5.42608332968763, 5.42814100183453, 
4.427946503393, 4.66634469382719, 5.49689940402635, 5.7034614634524, 
5.85518401094876, 4.57920911828857, 4.08701902843098, 4.88572664494956, 
4.23797987000354, 3.97982480044133, 4.95846267096658, 5.38818153350543, 
5.45359774844111, 5.52624322807546, 4.54230627081271, 5.38816962371463, 
4.70059765212521, 5.17546585233832, 4.46595296742726, 5.3803893921837, 
4.45202220787256, 5.79733682808454, 4.73079199858629, 3.94384063137534, 
6.08303892774245, 4.55342942228754, 5.20320503000445, 4.91422443739541, 
NA, NA, 5.94018180307081, 5.15623476925236, 6.00492925816741, 
4.60065465215777, 4.99006142332436, 5.75019649195418, 4.74398799245177, 
4.85159750420877, 4.77807461201714, 5.49470973894236, 5.87249195257142, 
4.72499917167963, 4.66613953205361, 4.5856814134194, 5.28948535665852, 
4.89726678578207, 5.81092418427481, 5.3245618338714, 5.73712352412578, 
4.91163525756428, 5.31880303729011, 6.13624111543305, 5.30143905177564, 
5.79754242879691, 5.27215282555298, 4.51475480091433, 4.58775989342543, 
4.76772678823273, 5.70637195692554, 4.56832297189326, 5.11098611171766, 
5.99830991068911, 5.49452941255668, 5.3895730255153, 5.36717442481176, 
5.4651261391663, 4.96344456262733, 5.26373451191843, 4.7644503572875, 
5.02837664037921, 4.24126812016401, 4.48945742336373, 4.15052609674985, 
5.76183201443975, 4.62960367316863, 5.96961666122661, 4.73384970742501, 
4.5382052973148, 4.45515691468305, 5.42870896479533, 5.44604627355615, 
5.19304658342269, 5.53072253856586, 5.19724063480046, 4.1108946876086, 
4.77022631072047, 6.16429194234754, 5.38775358413155, 4.94874924346219, 
5.63929655557468, 5.27038230457246, 5.00006282428677, 5.04516994731914, 
6.00373117983014, 5.00888014334929, 5.04449368414696, 4.60931563651478, 
5.61618987476698, 5.13160916896738, 5.72556603393538, 5.88480788498157, 
5.45286966499806, 5.07380408697735, 5.46594886132643, 5.21090644602715, 
5.31734192399502, 4.9789997832451, 5.36832458521271, 4.5434011899032, 
5.56118633743956, 4.95503547550089, 5.39566198883609, 5.12511018572582, 
4.6762294456536, 5.78257484962239, 5.03955930911725, 4.44294685326623, 
5.00650743944225, 4.94405288287661, 5.02524451334856, 5.62371834943623, 
5.27915766167839, 5.4645038348428, 4.22740352831649, 5.36295872254334, 
5.05736364772783, 4.76851122181715, 5.23382842710115, 4.78831025996823, 
4.50511548919513, 4.72255684013134, 5.51808231445461, 5.55159033074503, 
5.84212340534168, 6.15893135275583, 5.93573422436135, 5.04297908795818, 
