structure(c(5.77762244720929, 5.57234593155765, 6.98147153613374, 
5.32615796239936, 5.34524526644378, 5.08454346172328, 4.70820940154898, 
4.91487951594601, 4.13428504519468, 4.98328270690821, 5.13315966492161, 
4.534249704458, 4.13792976912201, 5.28075426148755, 5.54810359730985, 
4.46018903790662, 4.74772434549075, 5.51549763539337, 4.75817866782695, 
5.34076245430977, 5.26123803433927, 5.65581564599319, 5.65398839237532, 
5.48210391839483, 4.97686607501536, 4.61640924764546, 5.35480987048617, 
5.00057058919965, 4.77921524455831, 4.84909572083136, 5.79288743884601, 
4.29100039656884, 5.29703451990313, 4.9216261361075, NA, 5.52735426823133, 
5.44599573134966, 4.79790581820494, 4.90075432491568, 6.00757949041077, 
5.02864712555989, 5.15823871836289, 4.43573325013317, 4.95963193302019, 
4.41554621815207, 3.7530427694691, 5.11358572451378, 5.42963902498049, 
6.09776088201281, 5.56048982773354, NA, 4.87997445918256, 5.58964064688983, 
5.55559679822252, 5.09754515826414, 5.81023754876462, 6.19624040533499, 
5.15433133580059, 5.13528414583772, 6.17260687487385, 5.16849119841264, 
5.08169954005795, 5.15189117203123, 5.76515332818025, 6.03430874109039, 
4.46143131215813, 6.65790457652775, 4.40287969944808, 6.38041212488009, 
4.19136107327552, 4.92323613673504, 5.18476500546069, 5.77911022231592, 
5.6554214767612, NA, 5.55845810443179, 4.59160707279463, 4.61783206545998, 
5.42434042847236, 4.47064025057814, 4.45200546216902, 5.36572607864384, 
4.89639950485586, 4.94439977537803, 4.12676903424487, 4.71422648299594, 
5.18199705513638, 4.77577142427671, 4.4728692057541, 5.16747260879464, 
4.54040835465367, 5.60757667609125, 5.02048338143904, 4.82116360708154, 
4.92327173775946, 4.7030202820328, 5.32808575515456, 3.96391641657729, 
5.1187439119097, 4.48648068110978, 4.50927604992192, 6.03013503589742, 
4.12848705530231, 5.1857606650568, 5.11810876159562, 4.93924924361368, 
5.2797873859773, 5.5632489286796, 4.31451468429962, NA, NA, 5.42043041422671, 
5.4172900711316, 5.53158264036313, 4.90493075315227, 5.36385939834167, 
5.39157293887986, 5.28765350597601, 6.00615843837821, 6.17831458154482, 
4.92786466305612, 5.22489893238017, 5.24730682871328, 5.4099521307692, 
4.68253678084632, 5.27014924404269, 4.77517508910294, 5.37642842358456, 
5.1320286863214, 4.73623615906669, 5.69244042338739, 6.06268260082586, 
5.23571935638184, 5.70896406634381, 4.91346767275266, 4.6449600349428, 
5.62621804149783, 5.77672183344155, 4.6566644759522, 5.08598060789329, 
4.73905748065885, 4.78497396249687, 5.65910109911703, 6.01402255877263, 
3.8865070623216, 5.77040689257224, 5.05007545501223, 6.0350267157582, 
4.68901576329126, 5.24240104269963, 5.43129373339795, 5.29683862912885, 
4.5889286982238, 5.17969977423134, 4.98198994747317, 5.22325607094813, 
5.0067391555205, 5.13673094905692, 4.71166422180114, 5.7039674045295, 
5.76032854924951, 3.94139448121622, 4.65746156180993, 5.06111442767065, 
4.84354980726999, 4.81198323090337, 5.28255935327668, 4.90494624579373, 
5.10737150411789, 4.48200141784726, 5.57550121894489, 5.32589123780287, 
5.14831544409697, 5.00696658507325, 5.31263644112446, 5.22276404417093, 
5.60619903237331, 5.50548186902811, 3.95275286279276, 6.21075215353725, 
6.33150855543018, 5.36740373248034, 5.29977740287248, 5.61841203988563, 
5.20510944844989, 4.40631785579659, 4.22131925828872, 5.52994004694933, 
5.19284264670081, 5.01326765599994, 5.21559538541345, 5.16717135549856, 
4.73701961456916, 5.61156591498456, 4.36487309528927, 5.22683274838176, 
5.87571172158693, 5.26829978280443, 4.7629804591824, 5.97434477404167, 
5.40518368834004, 5.35271152475719, 5.59160351506606, 5.39082163946188, 
4.8490174006052, 5.31877826010238, 5.38811325593855, 5.41517430370785, 
5.22901912804514, 5.06899609059252, 5.67566362764541, 5.26512985752211, 
5.43911214966443, 4.99967937427489, 6.31001039405298, 4.3663686335244, 
5.66942152421339, 5.73305644881995, 3.84310684296278, 5.41951999776128, 
4.83659371841873, 4.3543346206865, 4.52387290210132, 4.84206048201061, 
4.33381589755134, 5.44215082035752, 5.74627115728014, 5.75120943275126, 
5.87813786300503, 6.25408150480885, 5.01419382975714, 5.55683023474465, 
5.15492980636064, 5.11763849329504, 5.38114571271979, 5.93177445393203, 
5.33127283325268, 4.12232949355624, 4.25858513821186, 5.63735072621503, 
5.1813905776151, 5.93122919425511, 4.77723645630434, 5.70069886867567, 
4.67508009940327, 5.56214399284878, 5.74876684875323, NA, NA, 
4.17186762991578, 5.31549587801552, 4.74050232452185, 4.91982120770236, 
4.99212411539427, 4.8189542788881, 5.63103402865926, 4.73241593176511, 
3.83028681408828, 5.38265067025484, 5.55113408971157, 4.67705085802045, 
5.73385091535932, 5.3051661714609, 6.03720148770865, 5.06719142609814, 
5.13160189847241, 4.10735573758829, 5.60183016509778, NA, NA, 
5.24319650633366, 4.89748874350381, 4.72202081238898, 4.01562350792117, 
5.05131859745119, 4.8449538437568, 5.36585010629821, 4.98832896217987, 
4.79533311117909, 4.98615141702071, 4.68159727965912, 4.79587489167265, 
5.72403899986179, 4.8922108096693, 5.42553582945317, 4.83916368045858, 
4.90040760369387, 6.07241396336364, 4.60965969576716, 5.55314939062329, 
4.7978393589946, 3.49644799710492, 5.04397151848087, 3.87789365917599, 
4.77070221274113, 4.99871872315952, 4.78146891040235, 5.54885798040888, 
4.69917354472365, 6.08125676335116, 4.77146875063089, 5.01886704500343, 
4.61668207313246, 5.39134537609898, 4.76410624782234, 4.97280090795976, 
4.77054267021408, 5.53050525744167, 4.49665580963569, 5.56299540888281, 
5.09279236694351, 6.40275362543749, 5.57768633611828, 5.74140327019492, 
5.20250330141551, 5.65406771878075, 5.06961371143761, 4.68783386247345, 
5.26429519669396, 5.81785476529643, 5.21539346888051, 5.1847694899299, 
3.93213187585293, 4.41297556078661, 5.91634864379434, 4.81617043828492, 
5.88300185727987, 5.31347177428879, 5.15749266501015, 5.32097970074734, 
5.12906079758204, 5.52195367875731, 5.32730474500416, 4.88011910310428, 
4.49861121704262, 5.21781576322224, 5.14148770273608, NA, NA, 
4.77968013687039, 3.81253500448051, 4.87592567976091, 5.55586124571625, 
4.33441669912134, 5.37225007687977, 5.55915425056363, 5.40273040855366, 
5.50463333228253, 4.9857132502372, 5.03820478874723, 6.00849133309232, 
5.33467469458809, 5.82571059704936, 5.10262468807779, 5.03616708243315, 
5.12904589208651, 5.45906804986802, 5.61337057428391, 4.84521825123573, 
4.91565976540317, 4.852976200465, 5.48767286040244, 5.67009599385077, 
4.33487925028903, 4.50141212145236, 4.89126989607069, 4.96065965255839, 
4.90597530769012, 5.69266550699606, 4.63668855176866, 5.37392051498533, 
4.59773230843354, 4.56216017031719, 6.25136300740251, 4.48933314530696, 
4.91889948878451, 5.88342083639155, 4.78808902320434, 4.52829190646194, 
5.80051575948915, 4.47184631714192, 5.78238481560247, 5.45069915047342, 
4.41714656287405, 5.46838073048873, 6.12382881295502, 4.40533360186048, 
3.12778155665641, 4.40057507385895, 5.31016326282976, 4.45981077878082, 
5.41925631482576, 4.31859671176271, 6.18874464355627, 5.63018509851216, 
5.77024053395202, 5.64204806533479, 5.29336552882861, 5.94614701720704, 
5.96626717629915, 4.23568706126139, 5.03480574087831, 4.63668352239592, 
6.34933870707473, 5.93941567384396, 6.04744189273288, 5.73331648870568, 
5.24694622982112, 4.828389013866, 4.3798083013592, 5.60234510429272, 
5.63764218521772, 5.87829637839362, 5.2616942568053, 4.87254647561537, 
5.5148197623408, 4.62033520643592, 5.35975077725936, 4.84975978541089, 
5.0599951166928, 5.10482969552444, 5.04494043587985, 4.30862692921657, 
4.86935956086908, 4.42147002964313, 5.93269530439036, 6.10291067460163, 
4.616411370173, 4.56312685433399, 4.59756381625925, 5.11253638018283, 
4.64724626897287, 5.28122169726104, 4.92869317871416, 5.82563645598418, 
5.32392575414352, 5.36788178549407, 5.28520734014722, 5.04394812162289, 
5.63745588698595, 4.64758958279804, 5.03271856221896, 5.47265585858529, 
5.24437505739471, 4.89648028843753, 5.27472897626904, 4.5028863480054, 
