structure(list(lvcf = c(0.338098462895764, 0.357751091097292, 
-0.702756793485436, 1.02026430923587, 0.167373431733221, 1.18717076871712, 
0.703383407572557, 1.24216568819431, 0.989926312549258, 0.398201778041188, 
0.827681697308144, 0.824676518682419, 0.479548983812627, 0.306935198745437, 
0.0314240787664724, 0.543224806535132, 0.772087622638358, 0.930769999966994, 
0.188418933069596, 0.361537916091541, -0.0822030496831968, -0.271924724764846, 
1.30267119976566, 0.151466536486812, 0.375713771058107, 0.537435772986507, 
0.36631665511467, 0.196098480640969, 0.336862732059796, 0.889653630650005, 
0.173222549379759, 0.414479233994087, 0.46756770818526, 0.397898547310335, 
NA, 1.00532502820078, 0.482178647175139, -0.0185156044043104, 
0.0332142722921858, 0.366345869565026, 0.370716761408815, 0.113149379507469, 
0.980649155728651, 0.715312969183678, 0.439233245738919, 1.32322620506862, 
0.31458526032724, 0.493314085431495, -0.0121299216929744, 0.60158584615615, 
NA, 0.926129777622311, -0.848676445399696, 0.318505522015713, 
1.49379978752441, 0.0381753319483947, -0.126132571266721, 1.00034929355535, 
0.899572719356805, 0.598264431763721, 0.504642031186724, 0.538048122564488, 
0.552298451071842, 0.794578533350031, 0.201168689549665, 1.46781565709273, 
-0.584172314623726, 0.646906786107703, 0.340718155146836, 1.16404680274051, 
0.629983139435801, -0.787951148357462, 0.704549145561756, 0.188917540097736, 
NA, 0.552436545230271, 1.22411526137135, -0.0277095779719306, 
0.657364123434261, 0.911386288474156, 0.888394240118465, 1.10992050232243, 
-0.12820423450505, 0.837202471371034, 0.38628975569169, -0.163489421811945, 
0.194384493007894, 0.120709255576122, 0.917086563627476, 0.748800155065464, 
0.552691056561962, -0.0527819678047065, 0.981511101011318, 0.425384199302894, 
0.769024538137317, 0.232572898886534, 0.19614075097549, 1.10769072734557, 
0.814488042530686, 1.21147083937885, 0.84122268840063, -0.0435699764680151, 
0.255739812543963, 0.269330487343181, 1.3202620298513, 0.458744333306723, 
0.304289427515153, -0.521720821104106, 0.906747373578659, NA, 
NA, -0.498546909957192, 0.850666021405836, 0.715066840888888, 
1.68581896366541, -0.130331898116303, 0.549927020543763, -0.113630572154391, 
0.625741007711293, -0.344493912188939, 0.512396422946318, -0.360248048829458, 
-0.462542432761301, 0.398107190391277, 0.178620868813062, 0.479832491839102, 
0.308531482630446, 0.15677170561556, 1.11823391439177, 0.591431385640591, 
0.886054429118142, -0.0140685696780507, -0.240860496484831, 0.384995155910559, 
0.106289076892476, 0.395172470707546, 0.301471683245238, -0.444737531744302, 
0.322411612142317, 1.17540961813968, 0.555353879633183, 0.983961557344559, 
0.195125008866227, 0.00325061952546804, 0.457309127362698, 1.05541465450232, 
0.123520562497037, 0.834872893632537, -0.737214877906239, 0.754389017628532, 
0.182540873942524, 0.310204679708015, 1.32408664869429, 0.0435378064077095, 
0.495368554333191, 0.45936560341605, 8.60800760807584e-05, -0.0620311392993104, 
-0.133613719271508, 0.97486343589932, 0.37031162062213, 1.08474459300987, 
0.583802031982989, 0.40819748828272, 0.654644374689754, 0.167085265520991, 
0.89734209076245, -0.0146296501441401, 0.553447134906338, 0.320385035762536, 
0.209956809952322, 0.566546405192191, 0.648813039005294, 0.603256811732084, 
0.210196875503693, -0.284071066273485, 0.589662481886424, 0.332667757821853, 
0.700244943611679, -0.28257168130761, -0.614366719259883, -0.197071522600748, 
0.545594225667681, -0.155542673145705, 0.297154808239561, 0.495505663056949, 
0.989460763708208, 0.818511282074975, -0.407215136751439, 0.366790594295786, 
-0.000143456019724643, 0.646577505346704, 0.632452287204028, 
0.390047731266496, 0.35609978528923, -0.555202171388062, -1.04720587332189, 
-0.186638756157588, 1.07410743369982, -0.508138081948751, 0.331642754491674, 
1.04523540302561, 0.352137985736445, 0.696242151323598, 0.755543993530972, 
0.435887063883146, 0.667668556847301, -0.207410373618253, 0.267791223310244, 
0.606744481223482, 0.496892837121123, 0.249679910393222, -0.0440701670010377, 
0.345165510288378, -0.995163388785793, 0.874601539312853, -0.335140285191189, 
-0.12547764624478, 0.798341743353834, 0.152783413422984, 1.41831416296484, 
0.882671823934733, 1.06726938493616, 0.410750714095709, 0.427636780747327, 
0.84699515074981, 0.103806841270151, -0.316702172838544, -0.213788193442669, 
0.60414254859195, -0.121771890936595, 0.354486497479425, 0.583402224529059, 
0.305221258885374, 0.779227863376804, 0.0895100488806073, 0.670938687406516, 
1.19831960150833, 0.825075493295123, 0.183001053050997, 0.430161582722224, 
0.619322559489909, 0.817490712834225, 0.0668617420598996, 0.309447887833132, 
-0.0323153882505746, -0.0981664063177327, NA, NA, 0.583602378300752, 
0.177836896949051, 1.30169950847026, 0.511841555527127, 1.31622332236625, 
0.318300677256809, 0.166232194564834, 0.117872926678986, 0.373687981928002, 
0.144165036371518, 0.120909491745448, 0.294770581811095, 0.122336853099431, 
-0.644158839900308, 0.482895802692167, 0.439002824013899, 0.295940573194082, 
0.685686901270758, 0.947863347936844, NA, NA, 0.947264046256011, 
1.36517336778427, 0.33341668367367, 0.461945083528047, 0.202745256935442, 
0.877094618198952, 0.651567603560529, 0.70164682259031, -0.0808743736783764, 
0.250904144384762, 0.754051061533064, 0.464351826516973, -0.431988390582467, 
0.489929707856205, 0.151802789859453, 0.432803123202864, 1.08112763391143, 
0.0866317508244117, 0.154793778170281, 0.497423887496085, 0.570065255904561, 
0.778324795582089, 0.236490190912527, 1.08271850382535, 0.00876688748708237, 
0.677992874359201, 1.24961059006864, 1.10208905659801, 0.272820794881705, 
0.510337262048516, 0.315870206565647, 0.310615835641226, 0.812528740978321, 
0.509929863164818, 1.18912877706021, 0.675854550053107, 0.401981138993424, 
-0.720980710013097, 0.217715708427392, 0.766486295559452, 0.798116172164315, 
0.268311007155105, -0.247435709003334, 0.620155146133246, 0.101377584842394, 
-0.352117114238822, -0.619763510366257, 0.188497748232982, -0.368443089674442, 
-0.0720315518596974, 1.00789437476859, 0.681308954964311, 0.54213250071402, 
0.352141976486263, 0.593543822822442, 0.726020206987327, -0.1177166234971, 
-0.0738874295470435, 0.61281647786979, 0.0382282290030544, 0.509994457978989, 
-0.519066124756085, -0.316359234263812, 0.547604433111532, 1.13686072560089, 
0.234652621063227, 0.635702419982538, NA, NA, 1.35374904959796, 
1.1711631342918, 0.858839197375172, 0.34080429675868, 0.348421428103212, 
1.06425925880154, 0.296612481155414, 0.294692279594087, -0.108290338649113, 
-0.13137607417129, 0.730976662882688, -0.0926763822887182, 0.0607569020218789, 
0.126258238730464, 0.492935955677455, 0.604928276960223, 0.859097114845877, 
0.242224838528672, 0.616115293503814, 0.0579385064284691, 0.735038933220375, 
1.00046124450571, -0.0121900937414414, 0.976040167441162, 1.37695264632802, 
0.160638722655179, 0.656911306450324, 0.617013001656245, 0.505030527934341, 
-0.273258968524971, 0.81265005634049, 0.770592959382835, 0.772345820276111, 
0.766485999247835, 1.18668383160983, 0.401409063970115, 0.789425914310144, 
-0.346840603200488, 1.29506036445912, 0.551878897742716, -0.55316007870812, 
-0.277368253650875, -0.255435573562102, 0.407064042889169, 0.665542337688433, 
1.01851838638238, -0.484907176270235, 0.479498912888859, 1.04969738896323, 
0.705018960452856, 0.733984097929029, 0.227686463536335, -0.269198967470934, 
1.00904933993278, -0.321958346674295, 0.236097922730868, 0.790687805752088, 
-0.201580609143325, 0.0515215536912647, 0.247795670684121, -0.54382615360649, 
0.508362826634301, 0.37845340774645, 0.892649611973673, -0.481305994486811, 
-0.45746346315594, 0.0116779753033952, 0.249427242376157, -0.0683041728924003, 
0.174705036554589, 0.661589876904485, 0.381278981731424, -0.0432378764452454, 
0.573726615548583, 0.550492294619895, 0.590511109288129, 0.39831889193055, 
0.134478208430614, 0.0676450605210674, 1.16809011991094, -0.654951236248785, 
