structure(list(lvcf = c(0.338098462895764, 0.574907359130198, 
-0.543757585883222, 1.02026430923587, 0.972685017129599, 0.148524404113077, 
0.936578562542162, 1.24216568819431, 0.989926312549258, 0.398201778041188, 
0.827681697308144, 0.824676518682419, 0.479548983812627, 0.306935198745437, 
0.0314240787664724, 0.543224806535132, 0.772087622638358, 0.930769999966994, 
0.188418933069596, 0.361537916091541, -0.0822030496831968, -0.271924724764846, 
1.30267119976566, 0.151466536486812, 0.375713771058107, 0.537435772986507, 
0.36631665511467, 0.196098480640969, 0.336862732059796, 0.889653630650005, 
0.173222549379759, 0.414479233994087, 0.46756770818526, NA, NA, 
1.00532502820078, 0.482178647175139, -0.0185156044043104, 0.0332142722921858, 
0.366345869565026, 0.370716761408815, 0.113149379507469, 0.980649155728651, 
0.715312969183678, 0.439233245738919, 1.32322620506862, 0.31458526032724, 
0.493314085431495, -0.0121299216929744, 0.60158584615615), cc = c(0.842332720103252, 
1.60557267658631, -0.257078080874641, 1.68888698237682, 1.4337099058814, 
0.606260463674631, 1.74051375492141, 3.31119535879252, 1.159757144727, 
0.760697885238581, 1.57711650796348, 1.06868274449496, 1.30966121212026, 
0.363038486976486, -0.414568733231298, 3.07879054375003, 0.396663814887501, 
1.92288738790182, 1.67125104860895, 2.02397442788546, 1.51055553957324, 
-0.188905877326823, 1.89519877919629, 0.463893155653777, 1.09015300340935, 
-0.296106959873707, 1.90358557492192, 0.319280290350905, 0.0567510284345678, 
0.428382809675685, 1.6956452984902, 0.515738718221124, 2.3696047751909, 
NA, NA, 1.6835814364237, 0.0311367500617058, 1.36087675534347, 
0.237888719683572, 0.767236980807096, 0.942679099532912, 1.31617431376785, 
0.333701399203673, 0.540578493355923, 0.906534237314896, 0.947130607288547, 
-0.473216722858852, 0.852854826120297, -1.10692225511603, 0.664999879679388
), cv = c(0.919420609246041, 0.715996369426589, -1.60511221847729, 
1.31737229783845, 0.42946133078896, 0.576393977856963, 0.676034532232645, 
1.01026012611421, 1.34821533644981, 0.179365184090394, 1.53826016392379, 
1.27608284933618, 1.08709219093902, 0.0133934174544588, 0.392771177204586, 
0.813709439281471, 0.376603972676416, 0.522910242960756, 0.851746972852933, 
0.591654936928129, -0.436942123958939, 0.22355786355774, 0.381613890615804, 
0.541522096289469, 0.137493926485915, 0.354348933851101, 0.0497433027675038, 
0.35815272947068, 0.304874798161033, 0.472500555554967, -1.03458280729914, 
1.13520012600566, 0.376511172634061, NA, NA, 0.625482419363209, 
-0.953323057270939, -0.228323021531359, -0.13744269231837, 0.421635688095508, 
1.20969278308598, 0.645458390961663, 0.633158453392696, 1.3058120847393, 
0.920871352487711, 1.90378181528888, -0.201609635876493, 1.27543438743366, 
-0.717842487888735, -0.147534127700937), mi = c(0.793157883186966, 
0.383338656964477, -0.887780351485402, 1.79157998339879, 0.997469838162359, 
0.730843760833378, 1.47582555206885, 1.97705291691507, 1.53327495948807, 
0.183587141855646, 1.02853062116071, 2.00156412242872, 1.82171950318956, 
0.257782768507486, 0.364184986952815, 1.24939586052169, 0.224591342096911, 
1.33916398855236, 0.428126065359868, 1.08466464789713, 0.109558391763624, 
0.4108723866512, 1.76621742110787, 0.35913536254975, 0.874532133786576, 
0.817517924003493, 1.04411121110993, 0.282657737478824, 0.541787037773226, 
1.09739261946401, -1.71769615413032, 1.15719833390024, 1.24728105964529, 
NA, NA, 1.47162206440283, 0.664199129886861, 0.613678733102737, 
-0.0411769077793053, 0.905731373496118, 1.10602082847841, 1.0833759997868, 
0.749624805594789, 1.18600363985695, 1.06492118451188, 1.911383494182, 
0.715367381811359, 1.36284790605968, 0.196847490661171, 0.546881481215474
)), row.names = c(NA, 50L), class = "data.frame")
